{
	"oddsWeight": 0.18131745267931546,
	"timeWeight": 4.205825425310336,
	"winPercentageWeight": 11.67164869197651,
	"crowdFavorWeight": 0.047197584958870935,
	"illumFavorWeight": 0.0771236126041464,
	"wX": 30.00281156800404,
	"wS": 2.293139729670318,
	"wA": 0.4908372360850615,
	"wB": 0.015192260481015052,
	"wP": 0.011370840440375117,
	"wU": 11.10441581970389,
	"lX": 0.00011601877317497897,
	"lS": 0.00617265061442116,
	"lA": 0.1836315007162587,
	"lB": 2.1219189056133927,
	"lP": 1.1110684085608704,
	"lU": 0.5436898249160306,
	"oX": 1.6285982321373436,
	"oS": 7.753210864356612,
	"oA": 1.5137655408705921,
	"oB": 0.007017800339193845,
	"oP": 3.1733910152411706,
	"oU": 0.15178226820049584,
	"wtX": 0.6526995686420046,
	"wtS": 0.05236830291840508,
	"wtA": 0.10287763093940694,
	"wtB": 9.76150332046477,
	"wtP": 0.0012378113736214954,
	"wtU": 0.03594092252899595,
	"ltX": 0.0010517814348894512,
	"ltS": 0.018805086694550183,
	"ltA": 2.7784071876225087,
	"ltB": 0.07981504454748237,
	"ltP": 11.4611834308612,
	"ltU": 0.002509845626345061,
	"rank": 1
}
